19820101 19811231 19811230
19830101 19821231 19821230
19840101 19831231 19831230
19850101 19841231 19841230
19860101 19851231 19851230
19870101 19861231 19861230
19880101 19871231 19871230
19890101 19881231 19881230
19900101 19891231 19891230
19910101 19901231 19901230
19920101 19911231 19911230
19930101 19921231 19921230
19940101 19931231 19931230
19950101 19941231 19941230
19960101 19951231 19951230
19970101 19961231 19961230
19980101 19971231 19971230
19990101 19981231 19981230
20000101 19991231 19991230
20010101 20001231 20001230
20020101 20011231 20011230
20030101 20021231 20021230
20040101 20031231 20031230
20050101 20041231 20041230
20060101 20051231 20051230
20070101 20061231 20061230
20080101 20071231 20071230
20090101 20081231 20081230
20100101 20091231 20091230
20110101 20101231 20101230
20120101 20111231 20111230
20130101 20121231 20121230
20140101 20131231 20131230
20150101 20141231 20141230
20160101 20151231 20151230
20170101 20161231 20161230
