19810201 19810131 19810130
19810301 19810228 19810227
19810401 19810331 19810330
19810501 19810430 19810429
19810601 19810531 19810530
19810701 19810630 19810629
19810801 19810731 19810730
19810901 19810831 19810830
19811001 19810930 19810929
19811101 19811031 19811030
19811201 19811130 19811129
19820101 19811231 19811230
19820201 19820131 19820130
19820301 19820228 19820227
19820401 19820331 19820330
19820501 19820430 19820429
19820601 19820531 19820530
19820701 19820630 19820629
19820801 19820731 19820730
19820901 19820831 19820830
19821001 19820930 19820929
19821101 19821031 19821030
19821201 19821130 19821129
19830101 19821231 19821230
19830201 19830131 19830130
19830301 19830228 19830227
19830401 19830331 19830330
19830501 19830430 19830429
19830601 19830531 19830530
19830701 19830630 19830629
19830801 19830731 19830730
19830901 19830831 19830830
19831001 19830930 19830929
19831101 19831031 19831030
19831201 19831130 19831129
19840101 19831231 19831230
19840201 19840131 19840130
19840301 19840229 19840228
19840401 19840331 19840330
19840501 19840430 19840429
19840601 19840531 19840530
19840701 19840630 19840629
19840801 19840731 19840730
19840901 19840831 19840830
19841001 19840930 19840929
19841101 19841031 19841030
19841201 19841130 19841129
19850101 19841231 19841230
19850201 19850131 19850130
19850301 19850228 19850227
19850401 19850331 19850330
19850501 19850430 19850429
19850601 19850531 19850530
19850701 19850630 19850629
19850801 19850731 19850730
19850901 19850831 19850830
19851001 19850930 19850929
19851101 19851031 19851030
19851201 19851130 19851129
19860101 19851231 19851230
19860201 19860131 19860130
19860301 19860228 19860227
19860401 19860331 19860330
19860501 19860430 19860429
19860601 19860531 19860530
19860701 19860630 19860629
19860801 19860731 19860730
19860901 19860831 19860830
19861001 19860930 19860929
19861101 19861031 19861030
19861201 19861130 19861129
19870101 19861231 19861230
19870201 19870131 19870130
19870301 19870228 19870227
19870401 19870331 19870330
19870501 19870430 19870429
19870601 19870531 19870530
19870701 19870630 19870629
19870801 19870731 19870730
19870901 19870831 19870830
19871001 19870930 19870929
19871101 19871031 19871030
19871201 19871130 19871129
19880101 19871231 19871230
19880201 19880131 19880130
19880301 19880229 19880228
19880401 19880331 19880330
19880501 19880430 19880429
19880601 19880531 19880530
19880701 19880630 19880629
19880801 19880731 19880730
19880901 19880831 19880830
19881001 19880930 19880929
19881101 19881031 19881030
19881201 19881130 19881129
19890101 19881231 19881230
19890201 19890131 19890130
19890301 19890228 19890227
19890401 19890331 19890330
19890501 19890430 19890429
19890601 19890531 19890530
19890701 19890630 19890629
19890801 19890731 19890730
19890901 19890831 19890830
19891001 19890930 19890929
19891101 19891031 19891030
19891201 19891130 19891129
19900101 19891231 19891230
19900201 19900131 19900130
19900301 19900228 19900227
19900401 19900331 19900330
19900501 19900430 19900429
19900601 19900531 19900530
19900701 19900630 19900629
19900801 19900731 19900730
19900901 19900831 19900830
19901001 19900930 19900929
19901101 19901031 19901030
19901201 19901130 19901129
19910101 19901231 19901230
19910201 19910131 19910130
19910301 19910228 19910227
19910401 19910331 19910330
19910501 19910430 19910429
19910601 19910531 19910530
19910701 19910630 19910629
19910801 19910731 19910730
19910901 19910831 19910830
19911001 19910930 19910929
19911101 19911031 19911030
19911201 19911130 19911129
19920101 19911231 19911230
19920201 19920131 19920130
19920301 19920229 19920228
19920401 19920331 19920330
19920501 19920430 19920429
19920601 19920531 19920530
19920701 19920630 19920629
19920801 19920731 19920730
19920901 19920831 19920830
19921001 19920930 19920929
19921101 19921031 19921030
19921201 19921130 19921129
19930101 19921231 19921230
19930201 19930131 19930130
19930301 19930228 19930227
19930401 19930331 19930330
19930501 19930430 19930429
19930601 19930531 19930530
19930701 19930630 19930629
19930801 19930731 19930730
19930901 19930831 19930830
19931001 19930930 19930929
19931101 19931031 19931030
19931201 19931130 19931129
19940101 19931231 19931230
19940201 19940131 19940130
19940301 19940228 19940227
19940401 19940331 19940330
19940501 19940430 19940429
19940601 19940531 19940530
19940701 19940630 19940629
19940801 19940731 19940730
19940901 19940831 19940830
19941001 19940930 19940929
19941101 19941031 19941030
19941201 19941130 19941129
19950101 19941231 19941230
19950201 19950131 19950130
19950301 19950228 19950227
19950401 19950331 19950330
19950501 19950430 19950429
19950601 19950531 19950530
19950701 19950630 19950629
19950801 19950731 19950730
19950901 19950831 19950830
19951001 19950930 19950929
19951101 19951031 19951030
19951201 19951130 19951129
19960101 19951231 19951230
19960201 19960131 19960130
19960301 19960229 19960228
19960401 19960331 19960330
19960501 19960430 19960429
19960601 19960531 19960530
19960701 19960630 19960629
19960801 19960731 19960730
19960901 19960831 19960830
19961001 19960930 19960929
19961101 19961031 19961030
19961201 19961130 19961129
19970101 19961231 19961230
19970201 19970131 19970130
19970301 19970228 19970227
19970401 19970331 19970330
19970501 19970430 19970429
19970601 19970531 19970530
19970701 19970630 19970629
19970801 19970731 19970730
19970901 19970831 19970830
19971001 19970930 19970929
19971101 19971031 19971030
19971201 19971130 19971129
19980101 19971231 19971230
19980201 19980131 19980130
19980301 19980228 19980227
19980401 19980331 19980330
19980501 19980430 19980429
19980601 19980531 19980530
19980701 19980630 19980629
19980801 19980731 19980730
19980901 19980831 19980830
19981001 19980930 19980929
19981101 19981031 19981030
19981201 19981130 19981129
19990101 19981231 19981230
19990201 19990131 19990130
19990301 19990228 19990227
19990401 19990331 19990330
19990501 19990430 19990429
19990601 19990531 19990530
19990701 19990630 19990629
19990801 19990731 19990730
19990901 19990831 19990830
19991001 19990930 19990929
19991101 19991031 19991030
19991201 19991130 19991129
20000101 19991231 19991230
20000201 20000131 20000130
20000301 20000229 20000228
20000401 20000331 20000330
20000501 20000430 20000429
20000601 20000531 20000530
20000701 20000630 20000629
20000801 20000731 20000730
20000901 20000831 20000830
20001001 20000930 20000929
20001101 20001031 20001030
20001201 20001130 20001129
20010101 20001231 20001230
20010201 20010131 20010130
20010301 20010228 20010227
20010401 20010331 20010330
20010501 20010430 20010429
20010601 20010531 20010530
20010701 20010630 20010629
20010801 20010731 20010730
20010901 20010831 20010830
20011001 20010930 20010929
20011101 20011031 20011030
20011201 20011130 20011129
20020101 20011231 20011230
20020201 20020131 20020130
20020301 20020228 20020227
20020401 20020331 20020330
20020501 20020430 20020429
20020601 20020531 20020530
20020701 20020630 20020629
20020801 20020731 20020730
20020901 20020831 20020830
20021001 20020930 20020929
20021101 20021031 20021030
20021201 20021130 20021129
20030101 20021231 20021230
20030201 20030131 20030130
20030301 20030228 20030227
20030401 20030331 20030330
20030501 20030430 20030429
20030601 20030531 20030530
20030701 20030630 20030629
20030801 20030731 20030730
20030901 20030831 20030830
20031001 20030930 20030929
20031101 20031031 20031030
20031201 20031130 20031129
20040101 20031231 20031230
20040201 20040131 20040130
20040301 20040229 20040228
20040401 20040331 20040330
20040501 20040430 20040429
20040601 20040531 20040530
20040701 20040630 20040629
20040801 20040731 20040730
20040901 20040831 20040830
20041001 20040930 20040929
20041101 20041031 20041030
20041201 20041130 20041129
20050101 20041231 20041230
20050201 20050131 20050130
20050301 20050228 20050227
20050401 20050331 20050330
20050501 20050430 20050429
20050601 20050531 20050530
20050701 20050630 20050629
20050801 20050731 20050730
20050901 20050831 20050830
20051001 20050930 20050929
20051101 20051031 20051030
20051201 20051130 20051129
20060101 20051231 20051230
20060201 20060131 20060130
20060301 20060228 20060227
20060401 20060331 20060330
20060501 20060430 20060429
20060601 20060531 20060530
20060701 20060630 20060629
20060801 20060731 20060730
20060901 20060831 20060830
20061001 20060930 20060929
20061101 20061031 20061030
20061201 20061130 20061129
20070101 20061231 20061230
20070201 20070131 20070130
20070301 20070228 20070227
20070401 20070331 20070330
20070501 20070430 20070429
20070601 20070531 20070530
20070701 20070630 20070629
20070801 20070731 20070730
20070901 20070831 20070830
20071001 20070930 20070929
20071101 20071031 20071030
20071201 20071130 20071129
20080101 20071231 20071230
20080201 20080131 20080130
20080301 20080229 20080228
20080401 20080331 20080330
20080501 20080430 20080429
20080601 20080531 20080530
20080701 20080630 20080629
20080801 20080731 20080730
20080901 20080831 20080830
20081001 20080930 20080929
20081101 20081031 20081030
20081201 20081130 20081129
20090101 20081231 20081230
20090201 20090131 20090130
20090301 20090228 20090227
20090401 20090331 20090330
20090501 20090430 20090429
20090601 20090531 20090530
20090701 20090630 20090629
20090801 20090731 20090730
20090901 20090831 20090830
20091001 20090930 20090929
20091101 20091031 20091030
20091201 20091130 20091129
20100101 20091231 20091230
20100201 20100131 20100130
20100301 20100228 20100227
20100401 20100331 20100330
20100501 20100430 20100429
20100601 20100531 20100530
20100701 20100630 20100629
20100801 20100731 20100730
20100901 20100831 20100830
20101001 20100930 20100929
20101101 20101031 20101030
20101201 20101130 20101129
20110101 20101231 20101230
20110201 20110131 20110130
20110301 20110228 20110227
20110401 20110331 20110330
20110501 20110430 20110429
20110601 20110531 20110530
20110701 20110630 20110629
20110801 20110731 20110730
20110901 20110831 20110830
20111001 20110930 20110929
20111101 20111031 20111030
20111201 20111130 20111129
20120101 20111231 20111230
20120201 20120131 20120130
20120301 20120229 20120228
20120401 20120331 20120330
20120501 20120430 20120429
20120601 20120531 20120530
20120701 20120630 20120629
20120801 20120731 20120730
20120901 20120831 20120830
20121001 20120930 20120929
20121101 20121031 20121030
20121201 20121130 20121129
20130101 20121231 20121230
20130201 20130131 20130130
20130301 20130228 20130227
20130401 20130331 20130330
20130501 20130430 20130429
20130601 20130531 20130530
20130701 20130630 20130629
20130801 20130731 20130730
20130901 20130831 20130830
20131001 20130930 20130929
20131101 20131031 20131030
20131201 20131130 20131129
20140101 20131231 20131230
20140201 20140131 20140130
20140301 20140228 20140227
20140401 20140331 20140330
20140501 20140430 20140429
20140601 20140531 20140530
20140701 20140630 20140629
20140801 20140731 20140730
20140901 20140831 20140830
20141001 20140930 20140929
20141101 20141031 20141030
20141201 20141130 20141129
20150101 20141231 20141230
20150201 20150131 20150130
20150301 20150228 20150227
20150401 20150331 20150330
20150501 20150430 20150429
20150601 20150531 20150530
20150701 20150630 20150629
20150801 20150731 20150730
20150901 20150831 20150830
20151001 20150930 20150929
20151101 20151031 20151030
20151201 20151130 20151129
20160101 20151231 20151230
20160201 20160131 20160130
20160301 20160229 20160228
20160401 20160331 20160330
20160501 20160430 20160429
20160601 20160531 20160530
20160701 20160630 20160629
20160801 20160731 20160730
20160901 20160831 20160830
20161001 20160930 20160929
20161101 20161031 20161030
20161201 20161130 20161129
20170101 20161231 20161230
20170201 20170131 20170130
20170301 20170228 20170227
20170401 20170331 20170330
20170501 20170430 20170429
20170601 20170531 20170530
20170701 20170630 20170629
20170801 20170731 20170730
20170901 20170831 20170830
20171001 20170930 20170929
20171101 20171031 20171030
20171201 20171130 20171129
20180101 20171231 20171230
20180201 20180131 20180130
20180301 20180228 20180227
20180401 20180331 20180330
20180501 20180430 20180429
20180601 20180531 20180530
20180701 20180630 20180629
20180801 20180731 20180730
20180901 20180831 20180830
20181001 20180930 20180929
20181101 20181031 20181030
20181201 20181130 20181129
