19831031
19831101
19831129
19831130
19831201
19831230
19831231
19840101
19840130
19840131
19840201
19840228
19840229
19840301
19840330
19840331
19840401
19840429
19840430
19840501
19840530
19840531
19840601
19840629
19840630
19840701
19840730
19840731
19840801
19840830
19840831
19840901
19840929
19840930
19841001
19841030
19841031
19841101
19841129
19841130
19841201
19841230
19841231
19850101
19850130
19850131
19850201
19850227
19850228
19850301
19850330
19850331
19850401
19850429
19850430
19850501
19850530
19850531
19850601
19850629
19850630
19850701
19850730
19850731
19850801
19850830
19850831
19850901
19850929
19850930
19851001
19851030
19851031
19851101
19851129
19851130
19851201
19851230
19851231
19860101
19860130
19860131
19860201
19860227
19860228
19860301
19860330
19860331
19860401
19860429
19860430
19860501
19860530
19860531
19860601
19860629
19860630
19860701
19860730
19860731
