20140530
20140531
20140601
20140629
20140630
20140701
20140730
20140731
20140801
20140830
20140831
20140901
20140929
20140930
20141001
20141030
20141031
20141101
20141129
20141130
20141201
20141230
20141231
20150101
20150130
20150131
20150201
20150227
20150228
20150301
20150330
20150331
20150401
20150429
20150430
20150501
20150530
20150531
20150601
20150629
20150630
20150701
20150730
20150731
20150801
20150830
20150831
20150901
20150929
20150930
20151001
20151030
20151031
20151101
20151129
20151130
20151201
20151230
20151231
20160101
20160130
20160131
20160201
20160228
20160229
20160301
20160330
20160331
20160401
20160429
20160430
20160501
20160530
20160531
20160601
20160629
20160630
20160701
20160730
20160731
20160801
20160830
20160831
20160901
20160929
20160930
20161001
20161030
20161031
20161101
20161129
20161130
20161201
20161230
20161231
20170101
20170130
20170131
20170201
20170227
