19941201  
19941230  
19941231  
19950101  
19950130  
19950131  
19950201  
19950227  
19950228  
19950301  
19950330  
19950331  
19950401  
19950429  
19950430  
19950501  
19950530  
19950531  
19950601  
19950629  
19950630  
19950701  
19950730  
19950731  
19950801  
19950830  
19950831  
19950901  
19950929  
19950930  
19951001  
19951030  
19951031  
19951101  
19951129  
19951130  
19951201  
19951230  
19951231  
19960101  
19960130  
19960131  
19960201  
19960228  
19960229  
19960301  
19960330  
19960331  
19960401  
19960429  
19960430  
19960501  
19960530  
19960531  
19960601  
19960629  
19960630  
19960701  
19960730  
19960731  
19960801  
19960830  
19960831  
19960901  
19960929  
19960930  
19961001  
19961030  
19961031  
19961101  
19961129  
19961130  
19961201  
19961230  
19961231  
19970101  
19970130  
19970131  
19970201  
19970227  
19970228  
19970301  
19970330  
19970331  
19970401  
19970429  
19970430  
19970501  
19970530  
19970531  
19970601  
19970629  
19970630  
19970701  
19970730  
19970731  
19970801  
19970830  
19970831  
19970901  
