19810130
19810131
19810201
19810227
19810228
19810301
19810330
19810331
19810401
19810429
19810430
19810501
19810530
19810531
19810601
19810629
19810630
19810701
19810730
19810731
19810801
19810830
19810831
19810901
19810929
19810930
19811001
19811030
19811031
19811101
19811129
19811130
19811201
19811230
19811231
19820101
19820130
19820131
19820201
19820227
19820228
19820301
19820330
19820331
19820401
19820429
19820430
19820501
19820530
19820531
19820601
19820629
19820630
19820701
19820730
19820731
19820801
19820830
19820831
19820901
19820929
19820930
19821001
19821030
19821031
19821101
19821129
19821130
19821201
19821230
19821231
19830101
19830130
19830131
19830201
19830227
19830228
19830301
19830330
19830331
19830401
19830429
19830430
19830501
19830530
19830531
19830601
19830629
19830630
19830701
19830730
19830731
19830801
19830830
19830831
19830901
19830929
19830930
19831001
19831030
