19890530  
19890531  
19890601  
19890629  
19890630  
19890701  
19890730  
19890731  
19890801  
19890830  
19890831  
19890901  
19890929  
19890930  
19891001  
19891030  
19891031  
19891101  
19891129  
19891130  
19891201  
19891230  
19891231  
19900101  
19900130  
19900131  
19900201  
19900227  
19900228  
19900301  
19900330  
19900331  
19900401  
19900429  
19900430  
19900501  
19900530  
19900531  
19900601  
19900629  
19900630  
19900701  
19900730  
19900731  
19900801  
19900830  
19900831  
19900901  
19900929  
19900930  
19901001  
19901030  
19901031  
19901101  
19901129  
19901130  
19901201  
19901230  
19901231  
19910101  
19910130  
19910131  
19910201  
19910227  
19910228  
19910301  
19910330  
19910331  
19910401  
19910429  
19910430  
19910501  
19910530  
19910531  
19910601  
19910629  
19910630  
19910701  
19910730  
19910731  
19910801  
19910830  
19910831  
19910901  
19910929  
19910930  
19911001  
19911030  
19911031  
19911101  
19911129  
19911130  
19911201  
19911230  
19911231  
19920101  
19920130  
19920131  
19920201  
19920228  
