20110801
20110830
20110831
20110901
20110929
20110930
20111001
20111030
20111031
20111101
20111129
20111130
20111201
20111230
20111231
20120101
20120130
20120131
20120201
20120228
20120229
20120301
20120330
20120331
20120401
20120429
20120430
20120501
20120530
20120531
20120601
20120629
20120630
20120701
20120730
20120731
20120801
20120830
20120831
20120901
20120929
20120930
20121001
20121030
20121031
20121101
20121129
20121130
20121201
20121230
20121231
20130101
20130130
20130131
20130201
20130227
20130228
20130301
20130330
20130331
20130401
20130429
20130430
20130501
20130530
20130531
20130601
20130629
20130630
20130701
20130730
20130731
20130801
20130830
20130831
20130901
20130929
20130930
20131001
20131030
20131031
20131101
20131129
20131130
20131201
20131230
20131231
20140101
20140130
20140131
20140201
20140227
20140228
20140301
20140330
20140331
20140401
20140429
20140430
20140501
