19970929  
19970930  
19971001  
19971030  
19971031  
19971101  
19971129  
19971130  
19971201  
19971230  
19971231  
19980101  
19980130  
19980131  
19980201  
19980227  
19980228  
19980301  
19980330  
19980331  
19980401  
19980429  
19980430  
19980501  
19980530  
19980531  
19980601  
19980629  
19980630  
19980701  
19980730  
19980731  
19980801  
19980830  
19980831  
19980901  
19980929  
19980930  
19981001  
19981030  
19981031  
19981101  
19981129  
19981130  
19981201  
19981230  
19981231  
19990101  
19990130  
19990131  
19990201  
19990227  
19990228  
19990301  
19990330  
19990331  
19990401  
19990429  
19990430  
19990501  
19990530  
19990531  
19990601  
19990629  
19990630  
19990701  
19990730  
19990731  
19990801  
19990830  
19990831  
19990901  
19990929  
19990930  
19991001  
19991030  
19991031  
19991101  
19991129  
19991130  
19991201  
19991230  
19991231  
20000101  
20000130  
20000131  
20000201  
20000228  
20000229  
20000301  
20000330  
20000331  
20000401  
20000429  
20000430  
20000501  
20000530  
20000531  
20000601  
20000629  
