19920229  
19920301  
19920330  
19920331  
19920401  
19920429  
19920430  
19920501  
19920530  
19920531  
19920601  
19920629  
19920630  
19920701  
19920730  
19920731  
19920801  
19920830  
19920831  
19920901  
19920929  
19920930  
19921001  
19921030  
19921031  
19921101  
19921129  
19921130  
19921201  
19921230  
19921231  
19930101  
19930130  
19930131  
19930201  
19930227  
19930228  
19930301  
19930330  
19930331  
19930401  
19930429  
19930430  
19930501  
19930530  
19930531  
19930601  
19930629  
19930630  
19930701  
19930730  
19930731  
19930801  
19930830  
19930831  
19930901  
19930929  
19930930  
19931001  
19931030  
19931031  
19931101  
19931129  
19931130  
19931201  
19931230  
19931231  
19940101  
19940130  
19940131  
19940201  
19940227  
19940228  
19940301  
19940330  
19940331  
19940401  
19940429  
19940430  
19940501  
19940530  
19940531  
19940601  
19940629  
19940630  
19940701  
19940730  
19940731  
19940801  
19940830  
19940831  
19940901  
19940929  
19940930  
19941001  
19941030  
19941031  
19941101  
19941129  
19941130  
