20000630  
20000701  
20000730  
20000731  
20000801  
20000830  
20000831  
20000901  
20000929  
20000930  
20001001  
20001030  
20001031  
20001101  
20001129  
20001130  
20001201  
20001230  
20001231  
20010101  
20010130  
20010131  
20010201  
20010227  
20010228  
20010301  
20010330  
20010331  
20010401  
20010429  
20010430  
20010501  
20010530  
20010531  
20010601  
20010629  
20010630  
20010701  
20010730  
20010731  
20010801  
20010830  
20010831  
20010901  
20010929  
20010930  
20011001  
20011030  
20011031  
20011101  
20011129  
20011130  
20011201  
20011230  
20011231  
20020101  
20020130  
20020131  
20020201  
20020227  
20020228  
20020301  
20020330  
20020331  
20020401  
20020429  
20020430  
20020501  
20020530  
20020531  
20020601  
20020629  
20020630  
20020701  
20020730  
20020731  
20020801  
20020830  
20020831  
20020901  
20020929  
20020930  
20021001  
20021030  
20021031  
20021101  
20021129  
20021130  
20021201  
20021230  
20021231  
20030101  
20030130  
20030131  
20030201  
20030227  
20030228  
20030301  
20030330  
20030331  
