20081031  
20081101  
20081129  
20081130  
20081201  
20081230  
20081231  
20090101  
20090130  
20090131  
20090201  
20090227  
20090228  
20090301  
20090330  
20090331  
20090401  
20090429  
20090430  
20090501  
20090530  
20090531  
20090601  
20090629  
20090630  
20090701  
20090730  
20090731  
20090801  
20090830  
20090831  
20090901  
20090929  
20090930  
20091001  
20091030  
20091031  
20091101  
20091129  
20091130  
20091201  
20091230  
20091231  
20100101  
20100130  
20100131  
20100201  
20100227  
20100228  
20100301  
20100330  
20100331  
20100401  
20100429  
20100430  
20100501  
20100530  
20100531  
20100601  
20100629  
20100630  
20100701  
20100730  
20100731  
20100801  
20100830  
20100831  
20100901  
20100929  
20100930  
20101001  
20101030  
20101031  
20101101  
20101129  
20101130  
20101201  
20101230  
20101231  
20110101  
20110130  
20110131  
20110201  
20110227  
20110228  
20110301  
20110330  
20110331  
20110401  
20110429  
20110430  
20110501  
20110530  
20110531  
20110601  
20110629  
20110630  
20110701  
20110730  
20110731  
