20030401  
20030429  
20030430  
20030501  
20030530  
20030531  
20030601  
20030629  
20030630  
20030701  
20030730  
20030731  
20030801  
20030830  
20030831  
20030901  
20030929  
20030930  
20031001  
20031030  
20031031  
20031101  
20031129  
20031130  
20031201  
20031230  
20031231  
20040101  
20040130  
20040131  
20040201  
20040228  
20040229  
20040301  
20040330  
20040331  
20040401  
20040429  
20040430  
20040501  
20040530  
20040531  
20040601  
20040629  
20040630  
20040701  
20040730  
20040731  
20040801  
20040830  
20040831  
20040901  
20040929  
20040930  
20041001  
20041030  
20041031  
20041101  
20041129  
20041130  
20041201  
20041230  
20041231  
20050101  
20050130  
20050131  
20050201  
20050227  
20050228  
20050301  
20050330  
20050331  
20050401  
20050429  
20050430  
20050501  
20050530  
20050531  
20050601  
20050629  
20050630  
20050701  
20050730  
20050731  
20050801  
20050830  
20050831  
20050901  
20050929  
20050930  
20051001  
20051030  
20051031  
20051101  
20051129  
20051130  
20051201  
20051230  
20051231  
20060101  
