20060130  
20060131  
20060201  
20060227  
20060228  
20060301  
20060330  
20060331  
20060401  
20060429  
20060430  
20060501  
20060530  
20060531  
20060601  
20060629  
20060630  
20060701  
20060730  
20060731  
20060801  
20060830  
20060831  
20060901  
20060929  
20060930  
20061001  
20061030  
20061031  
20061101  
20061129  
20061130  
20061201  
20061230  
20061231  
20070101  
20070130  
20070131  
20070201  
20070227  
20070228  
20070301  
20070330  
20070331  
20070401  
20070429  
20070430  
20070501  
20070530  
20070531  
20070601  
20070629  
20070630  
20070701  
20070730  
20070731  
20070801  
20070830  
20070831  
20070901  
20070929  
20070930  
20071001  
20071030  
20071031  
20071101  
20071129  
20071130  
20071201  
20071230  
20071231  
20080101  
20080130  
20080131  
20080201  
20080228  
20080229  
20080301  
20080330  
20080331  
20080401  
20080429  
20080430  
20080501  
20080530  
20080531  
20080601  
20080629  
20080630  
20080701  
20080730  
20080731  
20080801  
20080830  
20080831  
20080901  
20080929  
20080930  
20081001  
20081030  
