20170228
20170301
20170330
20170331
20170401
20170429
20170430
20170501
20170530
20170531
20170601
20170629
20170630
20170701
20170730
20170731
20170801
20170830
20170831
20170901
20170929
20170930
20171001
20171030
20171031
20171101
20171129
20171130
20171201
20171230
20171231
20180101
20180130
20180131
20180201
20180227
20180228
20180301
20180330
20180331
20180401
20180429
20180430
20180501
20180530
20180531
20180601
20180629
20180630
20180701
20180730
20180731
20180801
20180830
20180831
20180901
20180929
20180930
20181001
20181030
20181031
20181101
20181129
20181130
20181201
