19860801
19860830
19860831
19860901
19860929
19860930
19861001
19861030
19861031
19861101
19861129
19861130
19861201
19861230
19861231
19870101
19870130
19870131
19870201
19870227
19870228
19870301
19870330
19870331
19870401
19870429
19870430
19870501
19870530
19870531
19870601
19870629
19870630
19870701
19870730
19870731
19870801
19870830
19870831
19870901
19870929
19870930
19871001
19871030
19871031
19871101
19871129
19871130
19871201
19871230
19871231
19880101
19880130
19880131
19880201
19880228
19880229
19880301
19880330
19880331
19880401
19880429
19880430
19880501
19880530
19880531
19880601
19880629
19880630
19880701
19880730
19880731
19880801
19880830
19880831
19880901
19880929
19880930
19881001
19881030
19881031
19881101
19881129
19881130
19881201
19881230
19881231
19890101
19890130
19890131
19890201
19890227
19890228
19890301
19890330
19890331
19890401
19890429
19890430
19890501
